0 -7
1 -10
2 -11
3 -13
4 -12
5 -13
6 -11
7 -6
8 -4
9 1
10 7
11 13
12 19
13 27
14 34
15 43
16 49
17 55
18 61
19 68
20 72
21 75
22 77
23 81
24 82
25 82
26 81
27 78
28 75
29 72
30 67
31 63
32 55
33 47
34 43
35 36
36 27
37 22
38 13
39 6
40 1
41 -2
42 -6
43 -9
44 -13
45 -11
46 -12
47 -12
48 -10
49 -8
50 -3
51 3
52 8
53 16
54 23
55 31
56 34
57 42
58 50
59 59
60 63
61 68
62 72
63 77
64 80
65 82
66 81
67 82
68 80
69 77
70 75
71 71
72 66
73 59
74 53
75 46
76 40
77 33
78 26
79 19
80 10
81 5
82 1
83 -5
84 -6
85 -9
86 -13
87 -14
88 -12
89 -13
90 -10
91 -5
92 0
93 4
94 10
95 19
96 25
97 32
98 38
99 4
